%YAML:1.0
---
model_type: PINHOLE
camera_name: camera_left
image_width: 1544
image_height: 2064
distortion_parameters:
   k1: -1.1751625721662996e-01
   k2: 9.0980599779703228e-02
   p1: 6.6215911942400984e-03
   p2: 6.3748568746424114e-03
projection_parameters:
   fx: 7.7045699928546182e+03
   fy: 7.6843319999115129e+03
   cx: 1.0313066833348753e+03
   cy: 1.2160465899167452e+03
