%YAML:1.0
---
transform:
   q_x: -1.9262458322506220e-03
   q_y: 7.8322986534947125e-02
   q_z: 4.6461283614351607e-03
   q_w: 9.9691534888800293e-01
   t_x: -3.4873363760359588e+01
   t_y: -4.1276402450964152e-02
   t_z: 2.1298475741990419e+00
